    1  4.330271309549198e-01  8.915982543412533e-01 -2.947782830286600e-01  4.885097811822863e-01  8.111739201859473e+00
    2  9.018219550156625e-02 -4.413892025513534e-01  9.487289040803195e-01  5.437482833338396e-01  7.439576255731761e-01
    3  8.453627124846319e-03 -7.726371044038267e-01  6.445814386425330e-01  4.318674275948333e-01  8.610432938953715e-01
    4  1.714835047456267e-01  9.946287423322195e-01 -6.408581804864667e-01 -1.161229285561736e-01  4.455009443795675e+00
    5  9.390545365763980e-02 -8.076113162633199e-01  4.679403057954599e-01  6.577654347361666e-01  6.135889246943046e-01
    6 -1.493270668660601e-01  5.502182073427531e-01 -7.919553209021357e-02 -5.095065157017733e-01  3.588644585553332e-01
    7  4.699545274208798e-01 -7.344279305398735e-01  2.777489547410465e-01  2.421643726920333e-01  5.239053971458989e-01
    8  7.516403698843328e-01  7.991882076479331e-01  5.762810144352530e-01  5.432599871822263e-01  6.747955437732739e-01
    9  5.743888668477397e-01  2.034058656575197e-01  5.934324167607596e-01 -7.408368175298334e-01  7.963371268420900e-01
   10 -2.467421491134401e-01 -2.001098666341201e-01 -9.354228339487934e-01  8.316293832208643e-02  3.327269319811816e+00
   11  5.105441450239532e-01  1.651051362651335e-02  4.221625415814665e-01 -4.296090578936134e-01  7.300196671044867e-01
   12  6.226081118198132e-01  1.969969786675598e-01 -3.839533677175268e-01  9.269997253334126e-01  3.878422681944780e+00
   13 -6.953032013916467e-01 -8.037659840693401e-01 -4.211249122592868e-01 -1.361430707724268e-01  3.605796470260886e+00
   14  8.972136600848397e-01  5.728019043549863e-01  8.978850672933127e-01 -1.688589129306934e-01  8.252163428816301e-01
   15  4.141056550797997e-01  1.913815729239730e-01  2.566301461836598e-01  9.428693502609329e-01  4.076463346110175e-01
   16  1.834162419507313e-02 -9.512314218573601e-01 -7.909482100894201e-01 -9.408856471450011e-02  3.989200968038519e+00
   17  4.846644489883065e-01 -8.657795953245667e-01 -1.528672139652735e-01 -7.345500045777800e-01  3.890615139289952e+00
   18  7.136753440961932e-01 -8.624225592822067e-01  9.264503921628466e-01 -7.207556382946267e-01  6.411361415159260e-01
   19 -6.411633655812268e-01 -1.821649830622335e-01 -9.893185216834067e-01  7.332682271797797e-01  1.816869124369294e+00
   20 -3.701590014343734e-01 -1.559190649128734e-01  1.991332743308798e-01  1.113925595873333e-02  2.612172585682930e-01
   21 -6.664937284463067e-01 -7.803582873012693e-02  9.969481490523997e-01  7.305215613269400e-01  5.687029834982890e-01
   22 -7.841731009857533e-01  1.718192083497971e-02 -1.055024872585267e-01 -7.426068910794401e-01  6.731794366083638e-01
   23 -3.323770867030869e-01 -5.100558488723468e-01  2.147587511825864e-01  4.131290627765731e-01  5.841537272024945e-01
   24  8.552201910458666e-01  9.514145329142061e-01 -2.067629016998869e-01  6.839503158665734e-01  1.475584470875950e+00
   25  3.401287881099866e-01 -3.446455275124400e-01  5.276650288399320e-02 -7.520065919980469e-01  5.814673611501884e-01
   26 -7.509079256569133e-01 -7.617725150303668e-01  3.463850825525294e-02  1.306497390667398e-01  1.817586612705845e-01
   27 -9.423200170903667e-01 -3.817560350352535e-01 -5.020294808802028e-02 -1.983397930845069e-01  1.586726452030154e-01
   28  4.934842982268628e-02 -1.319925534836935e-01 -1.881466109195268e-01 -4.743491927854269e-01  1.043861782744596e+01
   29 -4.872280037843001e-01 -1.280861842707601e-01 -2.851954710531934e-01  7.797173986022463e-01  6.193468284464441e+00
   30  7.407757805108797e-01 -4.187444685201601e-01 -6.824854274117267e-01 -9.508041627246934e-01  3.383705647429296e+00
   31  8.911099581896396e-01 -3.205359050264002e-01 -9.022797326578601e-01  3.156529435102331e-01  2.299286069183993e+00
   32  7.744071779534265e-01  4.702597125156398e-01  9.386577959532401e-01 -4.521927549058534e-01  8.398153642781269e-01
   33  6.295052949613931e-01  8.004089480269729e-01  6.092410046693264e-01 -4.900357066560869e-01  9.972475950353407e-01
   34  9.500717184972665e-01 -1.692251350444068e-01 -2.977690969573067e-01 -8.016296884060200e-01  6.447997748735149e+00
   35  4.240546891689798e-01 -5.330057679982936e-01 -4.086733603930801e-01  2.195196386608465e-01  5.302311948658209e+00
   36  4.940946684163317e-02  2.633442182683796e-01  9.705191198461862e-01  4.221625415814665e-01  9.289491574157008e-01
   37 -5.124362926114735e-01  6.111331522568397e-01 -4.622638630329333e-01 -9.041108432264200e-01  2.818250491211883e+00
   38  7.184362315744464e-01  2.511673329873987e-02 -6.138798181096867e-01 -9.512924588763133e-01  3.695936205025116e+00
   39 -9.423810541093200e-01  3.404950102236997e-01  6.640522476882198e-01 -1.246070741905001e-01  3.603937796702432e-01
   40  6.005737479781463e-01 -3.686941129795268e-01 -9.323709830011934e-01 -2.695699942014869e-01  2.931625160873571e+00
   41  1.540879543443066e-01  6.655781731620196e-01 -2.720114749595668e-01 -8.279671620838680e-02  1.059433775392090e+01
   42  7.192907498397729e-01  7.067171239356664e-01 -9.452497940000667e-01 -3.940855128635535e-01  3.355419486523523e+00
   43  5.872676778466133e-01  4.759971922971264e-01 -9.000213629566334e-01  9.931638538773730e-01  1.641743496315702e+00
   44 -8.889736625263267e-01 -9.127780999176001e-01  3.570665608686685e-03  2.146977141636399e-01  1.860537360580413e-01
   45 -7.846003601184134e-01  7.669606616412796e-01 -9.166844691305334e-01  3.262123477889332e-01  2.065591448314036e+00
   46 -2.919705801568668e-01  1.716666158024798e-01  1.320535905026397e-01 -3.391521958067601e-01  1.156778626252660e-01
   47 -5.471053193762068e-01  1.160008545182598e-01 -5.156712546159268e-01 -1.199682607501468e-01  2.684523419386130e+00
   48  4.709921567430599e-01  5.229956968901595e-01  4.151432844019867e-01 -9.728385265663667e-01  1.005211181381594e+00
   49  2.768028809472622e-02  4.095889156773529e-01  4.329660939359663e-01 -1.021454512161668e-01  1.215978015432209e+00
   50  7.721488082521997e-01 -2.799462874233267e-01 -9.698477126377201e-01 -9.606311227759667e-01  2.958758925131999e+00
   51  9.892574846644466e-01  8.194524979400000e-01  4.528031250953666e-01  6.913357951597598e-01  6.024468228141663e-01
   52  2.768028809472622e-02  4.593340861232333e-01 -9.477523117770934e-01  9.801019318216462e-01  2.074858195156590e+00
   53  9.663686025574465e-01  2.938932462537980e-02 -2.182378612628600e-01  6.799218726157399e-01  2.187861960742091e+00
   54 -4.189275795770134e-01  9.060640278328793e-01 -6.004516739402468e-01 -1.472518082216868e-01  2.089274705380546e+00
   55 -3.248695333719934e-01  7.116611224707732e-01  9.420148319955997e-01  6.797387615588797e-01  1.117737840496786e+00
   56 -1.645863216040534e-01 -7.039704580828334e-01 -9.716177861873267e-01 -2.040162358470469e-01  4.557439608750039e+00
   57 -3.234656819361001e-01  2.535782952360597e-01  5.605334635456398e-01  4.426709799493331e-01  8.476416903694836e-01
   58  6.364635151219198e-01  7.874080629901994e-01  3.789483321634532e-01 -2.527237769707336e-01  8.989167498741052e-01
   59 -6.157109286782467e-01 -2.657856990264601e-01  4.393139439069798e-01 -5.544907986693934e-01  1.852317807037659e-01
   60  9.053926206244063e-01  5.617542039246797e-01  7.016205328531333e-02 -6.426282540360735e-01  8.253509820133557e-01
   61 -6.771752067629068e-01 -8.491775261696267e-01 -1.243018890957401e-01 -7.089449751274679e-02  6.686190075185847e-02
   62 -4.783165990173067e-01 -8.240302743614000e-01  8.453932309945931e-01 -8.456984160893600e-01  1.148363257292209e-01
   63 -3.651539658803067e-01  8.954435865352330e-01 -7.672048097170935e-01  1.869258705404799e-01  2.563957082456635e+00
   64 -5.441145054475602e-01  1.639759514145331e-01  7.673879207739467e-01  9.572740867336000e-01  7.552292579573334e-01
   65  8.394726401562527e-01 -5.187231055635267e-01  7.596362193670398e-01  1.048310800500465e-01  6.130754136084500e-01
   66 -8.475295266579200e-01 -1.123996704001001e-01 -3.359782708212534e-01  5.405743583483329e-01  4.811006638775489e+00
   67 -1.604968413342734e-01 -4.803308206427201e-01  6.614886928922330e-01  9.495834223456463e-01  1.025396978949702e+00
   68 -8.375804925687468e-01 -3.608813745536669e-01  8.233588671529264e-01  5.483260597552397e-01  4.577295341269049e-01
   69 -8.200628681295268e-01 -5.368205816828031e-02  4.203924680318598e-01 -5.918454542680134e-01  2.270080658190686e-01
   70  2.645954771568637e-02 -8.148442030093461e-03 -6.131168553728006e-02 -3.422040467543602e-01  1.192791720688444e+00
   71 -4.446852015747602e-01  4.979705191198396e-01 -6.349375896481267e-01 -1.231421857356535e-01  1.933277506673549e+00
   72 -5.926999725333468e-01 -5.974608600116000e-01 -6.956083864864069e-01 -6.134220404680146e-03  1.839096007530376e+00
   73 -4.324167607654068e-01  4.388866847743131e-01  4.917447431867399e-01 -9.999389629810534e-01  1.915208130361765e-01
   74  4.731894894253332e-01 -9.377422406689667e-01 -7.390057069612734e-01  7.929013946958794e-01  1.804906191222162e+00
   75  7.341227454451063e-01 -4.624469740897867e-01 -4.659871211890069e-01  4.598223822748464e-01  3.708601721245789e+00
   76 -4.700766014587868e-01 -1.434369945373604e-03  8.904385509811665e-01  3.169957579271796e-01  5.083702684850908e-01
   77 -2.548600726340534e-01 -7.067781609546200e-01 -7.166051210058932e-01  1.419110690633318e-02  3.377980593876408e+00
   78  9.044160283211731e-01  4.263740958891531e-01 -3.872798852504689e-02  1.797540208135984e-02  5.742431978885995e-01
   79 -2.792443617054019e-02  4.122745445112399e-01 -8.404492324594867e-01  7.871028778954394e-01  2.811284514821399e+00
   80 -9.232154301583934e-01 -6.497695852534601e-01  1.243629261146864e-01  9.512924588763063e-01  3.676803406652288e-01
   81  2.248298593096667e-01  5.350810266426531e-01  3.073213904232630e-02  8.066957609790333e-01  4.248987288786316e-01
   82  6.381420331430654e-02  4.154484694967466e-01 -6.421399578844601e-01  4.402294991912530e-01  3.481834533273714e+00
   83  7.600634784997060e-01  2.122562334055598e-01  2.838526566362467e-01  7.950376903592000e-01  4.314222355687275e-01
   84  5.130161442914649e-02  9.674367503886616e-03 -3.374431592761068e-01  9.901120029297734e-01  5.174903822909128e+00
   85  5.384990997039663e-01 -8.685262611774067e-01 -8.550370799890135e-01  2.065797906430198e-01  2.505665601819960e+00
   86 -7.228308969389934e-01 -3.852961821344668e-01  7.415997802666441e-03 -5.478988006225802e-01  1.472961950541344e-01
   87 -2.667012543107401e-01  5.939817499313331e-01 -7.503585924863467e-01 -4.824060792870936e-01  1.237012206220923e+00
   88 -8.359935300759934e-01  4.078798791467000e-01  5.246436964018664e-01  4.373607593005129e-01  4.756869567268164e-01
   89 -5.126194036683267e-01  2.410046693319465e-01  4.631183812982533e-01  7.653736991485334e-01  6.553633319445505e-01
   90  7.022614215521668e-01  1.134983367412332e-01 -4.501480147710013e-02 -1.889095736564683e-02  5.445427563055530e-01
   91  9.216895046845861e-01 -9.695425275429600e-01  9.506210516678333e-01  3.365886410107664e-01  5.586959851200709e-01
   92  8.249153111361962e-02  1.046479689931932e-01  3.433637501144398e-01 -5.431989501632801e-01  1.194630473072953e+00
   93 -6.075319681386802e-01  4.635456404309199e-01 -5.022431104464866e-01  7.232886745806466e-03  3.074535233002017e+00
   94 -4.211859492782400e-01  7.547532578508862e-01  9.838251899777197e-01 -2.600482192449736e-01  2.840503436192064e-01
   95 -3.967406231933923e-04  6.112857448041953e-02 -9.189428388317533e-01  2.311777092806730e-01  3.607576089969707e+00
   96 -3.187658314767934e-01 -9.611804559465333e-01 -3.849909970397067e-01 -3.774834437086134e-01  3.063936258126214e+00
   97  3.440961943418666e-01 -9.096041749321000e-01 -3.123569444868335e-01 -3.207800531022068e-01  8.579657735452244e+00
   98  4.788048951689199e-01  3.854792931913200e-01  8.654744102297998e-01  4.766075624866464e-01  6.713525356051058e-01
   99  5.359965819269330e-01  5.416730246894730e-01  3.862727744376930e-01 -9.716788232062801e-01  9.745137137095145e-01
  100  2.919705801568597e-01  7.781304361094994e-01 -5.105746635334674e-02 -8.312936796166933e-01  2.208520349009203e+00
  101  4.521927549058462e-01 -6.456801049836735e-01  6.470229194006132e-01 -9.992675557725800e-01  6.557095144367504e-01
  102 -4.440748313852401e-01 -8.934293649098201e-01 -3.903012176885333e-01 -7.761162144840867e-01  2.573395767067693e+00
  103  2.442396313363997e-01  8.942838831751396e-01  9.121677297280792e-01  6.528214362010529e-01  7.923034886116868e-01
  104 -4.684591204566013e-02 -2.309945982238268e-01  3.179113132114599e-01  2.397228919339531e-01  1.031297995936667e+00
  105  9.616382335886620e-02 -3.204748680074468e-01  4.159367656483597e-01 -8.590960417493354e-02  8.983117047601870e-01
  106  7.962584307382399e-01 -4.770958586382669e-01 -2.853175450911001e-01 -4.498123111667267e-01  8.595213108989340e+00
  107 -7.677541428876667e-01  3.575243385113063e-01  2.554094058046199e-01  3.767509994811800e-01  3.782497704837765e-01
  108  6.606341746269062e-01  5.871456038087064e-01 -6.921903134250935e-01  1.400494399853462e-01  3.149309142051011e+00
  109  1.750236518448398e-01  9.313943906979534e-01 -2.896511734366936e-01  3.340861232337398e-01  8.492356653556124e+00
  110  2.676168095950131e-01 -6.866664632100061e-03  4.168523209326396e-01  8.087710196233997e-01  4.982193572072736e-01
  111  2.527237769707262e-01  2.364879299295000e-01 -1.863765373699201e-01  7.010101626635978e-02  1.084148153568724e+01
  112  6.169927060762330e-01 -8.132267220069000e-01 -6.318857387005268e-01  5.843989379558665e-01  2.242826846054261e+00
  113  3.573412274544465e-01 -3.330484939115602e-01  1.718497268593397e-01 -6.017944883571934e-01  6.581191660778301e-01
  114  3.699758903775132e-01 -1.201513718070069e-01 -5.923642689291353e-02 -6.120487075411267e-01  5.571333278924556e-01
  115  9.525742362742993e-01 -8.475905636768734e-01 -9.649037141026068e-01 -5.495468001342867e-01  2.891373539684419e+00
  116  4.819788201544197e-01  1.514023255104195e-01 -9.387798699911534e-01  9.475081637012797e-01  1.602572113141809e+00
  117 -6.688741721854334e-01 -6.154667806024401e-01  6.179082613605129e-01  7.166661580248397e-01  4.839258366192656e-01
  118  8.542130802331327e-02  7.996154667805995e-01 -2.505874813074134e-01 -3.836176641133360e-02  1.090608544064239e+01
  119  1.232642597735465e-01  2.933133945738067e-01 -3.310953093050935e-01 -6.668599505600201e-01  7.874919938294382e+00
  120 -3.776055177465135e-01 -5.691702017274014e-02 -6.868800927762735e-01 -4.857020783105002e-01  1.246549903968086e+00
  121 -9.460432752464401e-01 -2.261116367076669e-01 -7.083040864284200e-01 -3.777886288033734e-01  1.950912897014607e+00
  122 -7.722098452711600e-01 -1.272927030243868e-01  7.940610980559661e-01  7.384563737906997e-01  5.377803564844514e-01
  123 -4.892117069002688e-02  6.632587664418463e-01  1.492355113375998e-02  8.810388500625594e-01  6.417760435061315e-01
  124  3.619800408947997e-01  1.529892880031729e-01 -3.371990112002935e-01  7.300943021942796e-01  5.984987210684791e+00
  125 -9.970702230903067e-01 -3.378398998993359e-02  1.123996704000931e-01  4.204535050508131e-01  2.877661694483317e-01
  126  6.934110538041263e-01  9.736930448316863e-01 -2.358165227210335e-01  7.124546037171533e-01  3.560791347400362e+00
  127  2.665181432538797e-01  3.328653828546999e-01 -8.262886440626267e-01  8.546098208563466e-01  1.941858979316743e+00
  128  2.316049684133397e-01  7.512131107516664e-01  5.127414777062265e-01  4.499954222235729e-01  7.863020991848682e-01
  129  4.247871333963997e-01 -2.159184545426801e-01  9.246192815942862e-01 -3.605761894589069e-01  7.639056546750070e-01
  130  7.101351969969734e-01 -1.944029053621343e-02 -6.624042481765201e-01  9.126560258796930e-01  1.797826970999657e+00
  131  7.947935422833932e-01 -3.108310190130334e-01 -7.031769768364535e-01  8.621173741874395e-01  1.755981262713958e+00
  132  2.190923795281798e-01 -6.634418774987068e-01 -6.215094454786867e-01 -8.104190191351067e-01  4.117282553426545e+00
  133  5.855586413159530e-01  9.915158543656661e-01 -2.510147404400801e-01 -7.200842310861599e-01  8.043039618806995e+00
  134 -9.118625446333201e-01  2.560502945035981e-02  4.304635761589397e-01 -3.465987121189001e-01  2.622465903337378e-01
  135 -5.944090090640000e-01  6.856593523972261e-01 -1.635486922818735e-01  6.094851527451395e-01  3.620823648013629e-01
  136 -9.806512649922200e-01  3.870662556840663e-01 -8.607745597705068e-01 -6.256599627674200e-01  1.946765967520263e+00
  137 -9.790032654805201e-01  5.437482833338396e-01 -9.681386761070601e-01  6.546220282601301e-02  1.928356984310091e+00
  138 -5.303201391644068e-01  7.448652607806596e-01  4.470046082949266e-01 -2.158574175237336e-01  2.990792320212263e-01
  139  3.631397442548865e-01  9.207434308907958e-02 -2.045045319986600e-01 -8.498489333781001e-01  8.284165160303738e+00
  140 -7.157506027405668e-01  5.093234046449129e-01  2.870876186406999e-01  5.901364177373529e-01  4.742449001357446e-01
  141 -2.135990478225069e-01 -1.623279519028334e-01 -1.046479689932003e-01  6.921292764061400e-01  9.138549017694114e-01
  142 -4.211859492782400e-01 -4.717246009704935e-01 -4.701376384777401e-01 -6.064027832880681e-02  2.910794369069892e+00
  143  5.761589403973464e-01  7.448042237617065e-01 -2.218695638905344e-02  1.354106265449930e-01  6.400936795134740e-01
  144 -1.271706289864802e-01 -3.110141300698935e-01 -8.223822748497001e-01  8.328196050904866e-01  3.207220973926582e+00
  145 -2.935575426496202e-01 -3.854487746818680e-02  3.874324777977798e-01 -9.213843195898334e-01  2.705017661184585e-02
  146 -5.281228064821333e-01  7.696462904751729e-01  8.101138340403393e-01 -2.110965300454735e-01  3.396683028470811e-01
  147 -1.520737327189001e-01  7.963194677571930e-01 -7.621387371440801e-01 -9.360332041383134e-01  5.328997802974164e-01
  148  1.009247108371196e-01  5.407574694051931e-01  2.796411023285599e-01 -2.416150395214735e-01  1.166303005260228e+00
  149  6.255378887295131e-01  9.448225348673931e-01 -2.682882168034935e-01 -3.835871456038135e-01  9.995975695455952e+00
  150 -2.130497146519401e-01 -8.832361827448401e-01  6.567278054139796e-01 -7.123935666982069e-01  3.831033456223673e-01
  151 -8.736533707693734e-01  9.658192693868797e-01  7.311319315164599e-01  5.325174718466730e-01  6.705139442493011e-01
  152 -8.270516068000222e-03 -4.420606097598202e-01  4.252143925290666e-01 -6.686605426191350e-02  1.096753034378266e+00
  153 -3.425702688680735e-01 -9.915158543656734e-01  5.777459028900997e-01  4.196600238044332e-01  6.800309617146248e-01
  154 -5.523850215160220e-03  7.214270455030927e-01  9.274269844660730e-01 -7.443464461196014e-02  1.459563851319913e+00
  155  7.537156285287001e-01 -2.113406781212868e-01  1.635486922818665e-01 -5.149998474074535e-01  5.868368791807993e-01
  156  5.251319925534796e-01  3.630787072359329e-01 -9.403668324839067e-01  8.346812341684640e-02  2.840796926090246e+00
  157 -5.645008697775201e-01 -1.847895748771667e-01 -7.493209631641602e-01  5.749382000183065e-01  2.088897845663260e+00
  158  6.466566972868997e-01  4.889980773339000e-01 -7.822809533982400e-01 -2.212591937010011e-02  3.145363488816661e+00
  159  7.168492690816932e-01  8.668172246467460e-01  4.214606158634648e-02  4.633625293740598e-01  5.255664306041147e-01
  160 -1.117893002105802e-01  9.572740867336000e-01  4.918057802056932e-01  3.459273049104263e-01  1.497926152247984e+00
  161  3.626514481032732e-01 -2.814111758781734e-01  1.678518021180020e-03 -6.083864864040068e-01  5.878041267031977e-01
  162 -3.721732230597868e-01 -6.708883938108469e-01 -8.881191442610000e-01 -2.449720755638335e-01  1.442900181595008e+00
  163  8.972136600848397e-01  1.184423352763400e-01 -7.541123691519347e-02  8.570513016144263e-01  3.139403605501076e-01
  164 -2.748191778313602e-01  9.708853419598926e-01  1.434064760277063e-01 -4.828943754387067e-01  9.193683155752819e-02
  165  8.613238929410667e-01 -9.861445966979000e-01 -7.424848170415401e-01 -3.480636005737534e-01  3.100784444577922e+00
  166  4.044618060853864e-01 -5.948973052156135e-01  4.321726126895933e-01  8.525345622119793e-01  4.259698092853885e-01
  167 -6.793115024262266e-01 -9.716788232062801e-01  6.693014313180929e-01  1.531113620410731e-01  3.120708517187616e-01
  168 -6.129032258064535e-01  9.128391369365465e-01  7.997985778374530e-01  3.039948728904065e-01  5.961785135612699e-01
  169 -3.766289254432867e-01 -8.121890926847133e-01 -1.292458876308534e-01  8.604693746757399e-01  5.356410453270293e-01
  170  2.748191778313529e-01 -6.156498916592935e-01 -5.108493301187201e-01 -5.990478225043534e-01  5.169749564609083e+00
  171  4.078798791467000e-01 -1.025116733298801e-01  6.855372783593197e-01 -8.136539811395668e-01  7.832991542161933e-01
  172  1.821649830622265e-01 -5.787835322122867e-01  8.594927823725060e-01  5.734733115634598e-01  6.406965581614333e-01
  173 -1.395611438337402e-01  1.683706167790731e-01 -6.302377391888201e-01  4.945524460585331e-01  4.562391632800454e+00
  174  6.194341868343132e-01 -3.120517593920735e-01 -6.683248390148667e-01 -6.838282418286735e-01  3.589954146751088e+00
  175 -7.764213995788467e-01 -9.065523239845000e-01  1.832636494033599e-01 -6.107669301431333e-01  1.500797434717266e-01
  176 -3.744926297799668e-01  5.130466628009864e-01  5.840937528611065e-01  6.027710806604196e-01  8.523200394027972e-01
  177 -4.465773491622669e-01 -4.250923184911668e-01  2.088381603442466e-01 -7.457808160649468e-01  7.196394825414251e-02
  178 -8.492996002075267e-01 -2.589495529038400e-01 -2.899258400220206e-03 -4.507278664510068e-01  1.651863610088339e-01
  179 -2.724387340922335e-01  3.001495406964265e-01 -5.766472365489668e-01  4.190191351053962e-02  3.395747819768867e+00
  180 -3.105868709372268e-01  8.339793084505733e-01  3.488570818201200e-01  3.291421246986264e-01  8.749492902991662e-01
  181 -2.970366527298868e-01 -3.158665730766030e-02  1.773125400555320e-02  3.122348704489266e-01  5.484267424254535e-01
  182  1.631824701681530e-01 -7.773369548631267e-01  7.606738486892259e-01 -6.636860255745134e-01  8.846567926821632e-01
  183 -9.762565996276801e-01 -2.322153386028669e-01  9.674062318796326e-01 -4.780114139225468e-01  2.679901899192816e-01
  184 -9.468367564928134e-01  9.087496566667665e-01  8.920865504928728e-01  6.000854518265331e-01  6.852471637249015e-01
  185  5.790887173070463e-01  1.011078218939729e-01 -1.476790673543535e-01  5.637684255500930e-01  4.875922061320514e-01
  186  7.833796197393668e-01 -6.842555009613334e-01  3.862117374187399e-01 -5.513779107028467e-01  5.756471953549043e-01
  187 -3.892025513473933e-01 -4.368724631489000e-01 -7.229834894864029e-02  5.549790948210063e-01  3.673078761750626e-01
  188 -6.469618823816667e-01  3.910336619159465e-01 -4.347361674855802e-01  4.233222449415532e-01  3.486961000987341e+00
  189 -2.859584337901344e-02  1.666615802484197e-01  4.440748313852332e-01 -1.231421857356535e-01  1.324328021122577e+00
  190 -7.802056947538734e-01 -4.293954283273360e-02 -6.243171483504801e-01 -5.573595385601402e-01  2.081415474060623e+00
  191 -3.682668538468601e-01  8.193304239020929e-01  2.175054170354265e-01 -5.361796929838001e-01  1.117699022372432e-01
  192 -5.676747947630268e-01 -6.866969817194134e-01  5.834833826715866e-01  2.164677877132464e-01  3.386040692258097e-01
  193 -5.609607226783067e-01 -9.499496444593667e-01  4.502395702993864e-01  3.422040467543532e-01  3.569984498534492e-01
  194 -9.868770409253267e-01 -9.125949888607467e-01  2.194586016418933e-01  9.100314340647595e-01  3.878520199287780e-01
  195 -8.756675923947934e-01  9.858394116031330e-01  8.006530961027798e-01 -5.806146427808468e-01  4.567374863699357e-01
  196 -4.086123233741267e-01 -6.629535813470934e-01 -7.252113406781268e-01 -9.423810541093200e-01  1.256637730947391e+00
  197  5.607165746024931e-01 -4.221015045625202e-01  7.038483840449197e-01 -4.769737846003601e-01  6.890613409639232e-01
  198 -7.141026032288600e-01 -9.860530411694690e-02 -3.539231543931401e-01  7.274086733603931e-01  4.684803150711167e+00
  199  2.707907345805198e-01 -9.213843195898334e-01 -5.813776055178022e-02 -3.100375377666601e-01  5.394128244387213e-01
  200 -1.623279519028334e-01 -9.973754081850666e-01  3.307901242103330e-01 -6.521805475020681e-02  1.305513499123772e+00
  201 -8.154240546891733e-01 -2.320322275460068e-01  4.638508255256799e-01 -2.947172460097067e-01  2.422391570862955e-01
  202  9.928586687826131e-01  9.762871181371335e-02  8.724326303903265e-01  3.068636127811466e-01  6.327672720837130e-01
  203 -3.523361919003934e-01  9.300515762810131e-01 -5.433820612201334e-01  8.915982543412533e-01  4.233196742082510e+00
  204  1.355327005828997e-01  9.793084505752727e-01  5.612353892635302e-02  9.963377788628798e-01  4.627556697175950e-01
  205 -3.215124973296335e-01  7.962279122287330e-02 -3.351847895748801e-01 -8.524124881740801e-01  1.877771548919032e+00
  206 -8.294625690481334e-01 -8.715781121250067e-01 -1.463972899563601e-01  8.454542680135464e-01  3.246734753377868e-01
  207  4.764244514297864e-01  4.388256477553596e-01  9.613025299844327e-01  2.378917813653929e-01  7.561054116560821e-01
  208  6.563615833002665e-01 -6.848658711508535e-01  6.188238166447932e-01  8.005310220648800e-01  4.475581904314129e-01
  209 -8.204290902432334e-01  6.635639515366063e-01 -8.328196050904934e-01 -6.687520981475268e-01  2.018647803524711e+00
  210 -8.122501297036666e-01 -5.497299111911402e-01 -4.669637134922334e-01  5.753654591509731e-01  2.984878204249497e+00
  211  8.726767784661400e-01  8.201239051484663e-01  1.228370006408865e-01  7.903378398998926e-01  4.464762822907013e-01
  212  2.877895443585987e-02  6.873073519089263e-01  3.002105777153798e-01 -4.340647602771135e-01  1.689273878561397e+00
  213 -1.553086947233535e-01  6.118045594653130e-01 -9.927976317636666e-01  2.101809747611865e-01  4.527021919012016e+00
  214  9.953001495406928e-01 -2.265999328592800e-01  9.244056520279309e-02  1.400799584947965e-02  5.100481811490747e-01
  215  9.683523056733301e-02 -1.445661793878001e-01  9.091158787804796e-01  7.078157902768001e-01  6.903014368277414e-01
  216 -4.118472853785868e-01 -3.483687856685136e-01 -2.551042207098669e-01  4.214300973540399e-01  8.243572744991335e+00
  217 -8.998382518997801e-01 -7.921079134495134e-01  6.467787713248063e-01 -5.391094698934935e-01  2.145216640186585e-01
  218 -6.241950743125734e-01  3.119907223731131e-01 -7.982726523636601e-01 -7.860652485732600e-01  1.821477968053042e+00
  219  8.037049470503794e-01 -8.572344126712867e-01 -1.613513595996002e-01  4.969939268166133e-01  5.372340450471337e-01
  220 -3.729056672872134e-01 -1.068453016754669e-01  2.107913449507064e-01  6.557512131107466e-01  6.285333181287628e-01
  221 -1.081270790734603e-01 -8.231757560960735e-01 -7.764213995788467e-01 -2.673726615192135e-01  5.131993442296518e+00
  222  1.941892757957666e-01  3.408917508468634e-02  2.693258461256733e-01 -9.871211890011333e-01  9.294947726426241e-01
  223 -7.073885311441401e-01 -6.534318063905800e-01  2.310556352427731e-01  2.622455519272398e-01  2.621123026878264e-01
  224 -3.547776726584735e-01 -5.244605853450135e-01 -1.810052797021401e-01  9.680166020691534e-01  9.339587584785044e-01
  225  9.351786858729800e-01 -6.515701773126015e-02 -1.986449781792669e-01 -1.026947843867335e-01  8.585635931851998e+00
  226  6.473281044953731e-01 -8.829004791406025e-02  6.916409802545198e-01  2.837305825983398e-01  6.202007697948333e-01
  227 -2.424085207678468e-01 -5.525376140629334e-01  4.562822351756333e-01  9.555040131839934e-01  1.006243346739765e+00
  228  5.991088595232996e-01  9.158604693746653e-02 -1.960203863643335e-01  7.173375652333127e-01  1.034445769228088e+00
  229  9.650868251594527e-01  8.397167882320595e-01 -3.807794427320200e-01  2.994781334879597e-01  5.489787094694939e+00
  230 -4.861293374431601e-01  1.706900234992463e-01  1.034882656331064e-01 -8.156071657460267e-01  1.453506355134674e-01
  231  5.370952482680729e-01 -7.232886745813571e-03  1.854609820856332e-01 -3.736991485335868e-01  6.677767736325972e-01
  232 -8.477126377147800e-01  3.127231666005397e-01  7.634205145420665e-01 -8.268990142521467e-01  2.977014935554814e-01
  233  9.859004486220864e-01  4.405346842860129e-01  3.424481948301599e-01  6.256294442573029e-03  6.780813769892040e-01
  234 -5.950193792535201e-01 -4.590899380474268e-01  6.281014435254928e-01  4.081850642414599e-01  4.062268099345645e-01
  235  3.639332255012664e-01  3.459883419293799e-01  6.402478102969398e-01  6.720480971709333e-01  6.040510806505324e-01
  236 -7.443464461196014e-02  8.396557512131062e-01  9.083834345530526e-01  7.649464400158663e-01  1.141682661664953e+00
  237  5.217139194921665e-01 -2.721945860164202e-01  3.117465742973062e-01  5.764946440015328e-02  5.948719674749610e-01
  238 -9.865718558305667e-01  5.060274056215064e-01 -8.732871486556600e-01  4.333323160496798e-01  1.984586381087715e+00
  239  6.157109286782396e-01 -6.289864803003342e-02  8.431348612933729e-01 -9.124118778038934e-01  7.343187036380803e-01
  240 -2.533951841792068e-01 -2.484511856440935e-01  3.130283516952996e-01  3.323160496841331e-01  9.263696397413539e-01
  241 -1.339457380901535e-01 -6.164433729056735e-01  7.939390240180664e-01  7.160557878353198e-01  1.097225930972462e+00
  242 -6.357310708945001e-01  5.536362804040595e-01 -5.508285775322734e-01  7.733695486312395e-01  2.903401678507986e+00
  243 -4.355906857509135e-01 -4.874721518601067e-01 -1.324808496353069e-01 -2.844630268257734e-01  4.612226000218134e-02
  244 -9.988708151494019e-02 -2.430188909573667e-01 -8.350169377727601e-01  3.751029999694797e-01  4.017759849704824e+00
  245  3.319498275704196e-01 -9.689321573534401e-01  2.313608203375330e-01  7.166051210058866e-01  4.095947429439197e-01
  246  6.448561052278001e-02 -5.746940519425068e-01  6.832789086580995e-01 -7.731254005554401e-01  1.126041044396090e+00
  247  6.266975920895999e-01  3.851130710776065e-01 -9.126560258797001e-01  4.962004455702331e-01  2.275455756625247e+00
  248  3.777886288033665e-01 -5.570543534653802e-01  1.510666219061307e-02  3.033234656819330e-01  4.763279438600819e-01
  249  5.019379253517198e-01  4.852137821588733e-01  4.922940763573063e-01  5.172582171086730e-01  6.208444012337633e-01
  250 -4.470046082949335e-01  3.664357432782932e-01 -5.947141941587601e-01 -8.722495193334801e-01  1.628394544739676e+00
  251  6.135746330149199e-01 -3.160191656239536e-01  4.277169103060998e-01 -2.825708792382601e-01  6.473051910563583e-01
  252  1.285744804223730e-01  5.257423627429996e-01  2.755821405682002e-02 -3.129673146763535e-01  1.170203206068178e+00
  253  4.781945249793997e-01 -9.979857783745867e-01 -8.793298135319134e-01 -4.516434217352867e-01  3.096631316772694e+00
  254 -6.490371410260334e-01 -6.237067781609600e-01 -7.016205328532010e-02  5.950193792535130e-01  2.348104292337056e-01
  255 -1.931821649830689e-02 -3.951231421857402e-01  6.140018921475863e-01 -7.352824488052067e-01  1.605545880964222e+00
  256 -6.918851283303333e-01 -8.997772148808267e-01 -7.703787347026000e-01 -4.933927426984468e-01  1.717775660990356e+00
  257  1.322977385784465e-01  5.292214728232663e-01 -4.136173589281934e-01 -5.367900631733202e-01  6.996013446452776e+00
  258  3.115024262214998e-01  4.581743827631399e-01  5.595568712424064e-01 -2.174443800164800e-01  9.159065685651092e-01
  259 -9.218115787225001e-01  6.597186193426263e-01 -5.771965697195401e-01 -1.285744804223802e-01  2.464901500137807e+00
  260 -4.706259346293533e-01  8.905606250190730e-01  7.621997741630266e-01 -5.975218970305534e-01  2.354651257527713e-01
  261 -6.445204016235868e-01  9.556260872218998e-01 -4.650715659047268e-01 -6.125370036927401e-01  3.311890284021012e+00
  262  8.696859645374861e-01  8.692587054048264e-01 -1.644032105472002e-01  1.297952208014133e-01  7.465374443745818e-01
  263  4.008606219672197e-01  9.269997253334126e-01 -6.869716483047350e-02  3.683889278847599e-01  5.971036598973396e-01
  264  1.122775963621929e-01  4.993743705557399e-01 -8.710287789544401e-01  9.252296517838061e-01  2.028294904883585e+00
  265  3.084505752739000e-01 -6.384166997283868e-01 -9.623401593066200e-01 -8.304391613513602e-01  3.267357697819153e+00
  266 -7.074495681630935e-01  3.705252235480798e-01  7.874080629901994e-01 -3.888973662526334e-01  3.061379956255416e-01
  267  8.377636036255933e-01 -6.985381633961001e-01  7.674489577928998e-01  9.340189825128933e-01  4.299990611601689e-01
  268  3.336588641010731e-01  6.584978789635865e-01  4.474318674275932e-01  7.855159154026865e-01  5.878056110890053e-01
  269 -3.285927915280669e-01 -7.308877834406601e-01  8.417920468764259e-01  6.307870723593798e-01  8.721479315513081e-01
  270 -7.052827539903350e-02  4.769127475814063e-01 -8.176213873714466e-01 -1.388592181158022e-02  4.799265266934729e+00
  271 -7.724234748375358e-02  7.444990386669466e-01  3.600878933072864e-01  3.445844904934796e-01  1.271439067247329e+00
  272 -3.225501266518200e-01 -5.214087343974134e-01  6.979277932065799e-01  1.044038209173797e-01  5.607664710249040e-01
  273  8.941618091372401e-01 -1.087374492629802e-01  6.201666310617331e-01  8.146916104617394e-01  4.715362716098081e-01
  274 -5.384990997039734e-01 -2.926419873653402e-01 -2.232428968169201e-01  4.953154087953981e-02  5.965165685318981e+00
  275  8.413953062531987e-02 -4.664143803216668e-01 -8.113956114383402e-01 -7.761162144840867e-01  4.188915435186653e+00
  276  8.474990081483980e-02 -3.006988738670002e-01 -2.560502945036680e-02 -3.371990112002935e-01  8.976516815241171e-01
  277  4.459059419537930e-01 -6.174199652089001e-01 -7.786187322611201e-01 -7.622608111819869e-01  3.395875333064458e+00
  278 -8.479567857905868e-01  8.345896786400933e-01  5.645008697775198e-01  8.813440351573194e-01  7.197322502544015e-01
  279  8.947111423078060e-01  5.129245887630796e-01  3.360087893306640e-02 -7.065340128788133e-01  8.026473778406873e-01
  280  2.034058656575197e-01 -6.106753746147353e-02  7.338785973692996e-01 -8.479567857905868e-01  9.886642090439475e-01
  281  6.558427686391299e-02  8.920560319833992e-02  9.201635792107863e-01 -8.608966338084068e-01  1.519818903581882e+00
  282 -9.037446211127067e-01  1.352275154881397e-01 -9.718619342631334e-01 -9.036225470748067e-01  1.784962376487790e+00
  283 -6.783349101229934e-01  3.429364909817798e-01  2.259895626697530e-01  6.224860377819130e-01  4.340689278487667e-01
  284 -3.614307077242401e-01 -5.502487258522681e-02  4.678487502669992e-02  4.235663930173599e-01  4.509340998653488e-01
  285 -9.884640034180734e-01 -2.015137180700134e-01 -3.335367900631736e-01  7.304605243079934e-01  5.054426488297874e+00
  286  4.715414899136265e-01  6.399426252021798e-01  3.885311441389199e-01  9.506515701772655e-02  7.705632631075868e-01
  287 -2.285836359752680e-02  7.504196295052930e-01 -1.023285622730202e-01  8.777428510391529e-01  6.277620492409437e-01
  288 -7.977233191930932e-01 -1.562852870265868e-01 -1.532944730979402e-01  7.387615588854597e-01  3.218830845541565e-01
  289  3.116855372783531e-01  9.893185216833997e-01 -6.634418774987068e-01  4.461500900295998e-01  3.143486738615272e+00
  290 -2.129276406140335e-01 -6.168706320383334e-01 -1.454206976531269e-01 -6.873683889278868e-01  8.433538421955105e-01
  291 -6.326792199469001e-01 -2.212897122104601e-01  2.314218573564866e-01  5.736564226203131e-01  3.675012233045700e-01
  292 -8.363597521897067e-01 -6.097903378399001e-01 -8.194524979400066e-01  1.937925351725300e-02  1.748808295390613e+00
  293 -9.866939298684667e-01  8.175908688619304e-02 -1.779229102450686e-02  1.932737205114863e-01  2.243548483406705e-01
  294 -8.656575212866667e-01  6.533097323526664e-01  8.737754448072728e-01 -5.303201391644068e-01  3.674359426484887e-01
  295  1.433454390087532e-01 -9.625232703634801e-01 -2.893459883419336e-01  3.224280526139065e-01  8.237881569949987e+00
  296 -5.012054811243067e-01 -7.812433240760535e-01  4.587237159337130e-01  9.726248969999984e-02  2.789570416738943e-01
  297  4.335764641254862e-01  6.876125370036863e-01  8.090456862086670e-02  6.015503402813798e-01  4.886508688930201e-01
  298  4.368114261299465e-01 -7.573778496658267e-01 -6.184575945310867e-01 -1.780755027924469e-01  3.472407410339314e+00
  299 -6.495254371776535e-01  9.528794213690592e-01  3.696096682637997e-01  8.371227149265992e-02  4.640687221116480e-01
  300  1.409649952696266e-01  9.219641712698645e-02 -2.954496902371335e-01 -3.561510055849348e-02  9.763122476535855e+00 